Estado 0mb
cp_1mb = 7.691860198974609
cp_10mb = 44.28720474243164
cp_30mb = 292.6003932952881
rm_1mb = 6.829261779785156
rm_10mb = 6.85429573059082
rm_30mb = 7.833242416381836
rmdir_empty = 35.772085189819336
rmdir_full = 40.44675827026367

Estado 10mb
cp_1mb = 13.339757919311523
cp_10mb = 98.86956214904785
cp_30mb = 408.170223236084
rm_1mb = 6.554126739501953
rm_10mb = 6.857872009277344
rm_30mb = 7.770299911499023
rmdir_empty = 34.19804573059082
rmdir_full = 40.25101661682129

Estado 50mb
cp_1mb = 36.324262619018555
cp_10mb = 335.74962615966797
cp_30mb = 1160.3939533233643
rm_1mb = 6.487846374511719
rm_10mb = 6.932973861694336
rm_30mb = 8.135080337524414
rmdir_empty = 34.41619873046875
rmdir_full = 41.15009307861328
